4.12185 0
4.14711 46.875
4.21814 93.75
4.32782 140.625
4.4746 187.5
4.65969 234.375
4.88628 281.25
5.15959 328.125
5.48721 375
5.8799 421.875
6.35271 468.75
6.92699 515.625
7.63363 562.5
8.51867 609.375
9.65358 656.25
11.1553 703.125
13.2286 750
16.2678 796.875
21.1406 843.75
30.2022 890.625
52.8748 937.5
211.646 984.375
105.924 1031.25
42.4191 1078.12
26.548 1125
19.3369 1171.88
15.2185 1218.75
12.5551 1265.62
10.6918 1312.5
9.31534 1359.38
8.25713 1406.25
7.4183 1453.12
6.73709 1500
6.17291 1546.88
5.69799 1593.75
5.29271 1640.62
4.9428 1687.5
4.63762 1734.38
4.36911 1781.25
4.13102 1828.12
3.91845 1875
3.72749 1921.88
3.555 1968.75
3.39846 2015.62
3.25565 2062.5
3.1249 2109.38
3.00472 2156.25
2.89387 2203.12
2.7913 2250
2.6961 2296.88
2.60751 2343.75
2.52486 2390.62
2.44755 2437.5
2.37509 2484.38
2.30703 2531.25
2.24298 2578.12
2.18258 2625
2.12554 2671.88
2.07157 2718.75
2.02043 2765.62
1.97191 2812.5
1.9258 2859.38
1.88192 2906.25
1.84012 2953.12
1.80021 3000
1.76218 3046.88
1.72578 3093.75
1.69096 3140.62
1.65759 3187.5
1.6256 3234.38
1.59491 3281.25
1.56542 3328.12
1.53708 3375
1.50981 3421.88
1.48355 3468.75
1.45826 3515.62
1.43387 3562.5
1.41033 3609.38
1.38761 3656.25
1.36566 3703.12
1.34444 3750
1.32391 3796.88
1.30405 3843.75
1.28481 3890.62
1.26617 3937.5
1.24809 3984.38
1.23061 4031.25
1.2136 4078.12
1.19709 4125
1.18107 4171.88
1.16549 4218.75
1.15036 4265.62
1.13564 4312.5
1.12132 4359.38
1.10738 4406.25
1.09382 4453.12
1.0806 4500
1.06773 4546.88
1.05518 4593.75
1.04295 4640.62
1.03102 4687.5
1.01939 4734.38
1.00803 4781.25
0.996942 4828.12
0.986115 4875
0.975535 4921.88
0.965175 4968.75
0.955241 5015.62
0.945294 5062.5
0.935635 5109.38
0.926194 5156.25
0.916961 5203.12
0.907928 5250
0.899086 5296.88
0.890432 5343.75
0.881957 5390.62
0.873657 5437.5
0.865527 5484.38
0.85756 5531.25
0.849753 5578.12
0.842101 5625
0.834598 5671.88
0.827241 5718.75
0.820025 5765.62
0.812947 5812.5
0.806002 5859.38
0.799187 5906.25
0.792498 5953.12
0.785979 6000
0.779484 6046.88
0.773153 6093.75
0.766936 6140.62
0.760828 6187.5
0.754828 6234.38
0.748932 6281.25
0.743138 6328.12
0.737442 6375
0.731844 6421.88
0.72634 6468.75
0.720928 6515.62
0.715605 6562.5
0.71037 6609.38
0.70522 6656.25
0.700153 6703.12
0.695167 6750
0.690261 6796.88
0.685432 6843.75
0.680677 6890.62
0.675991 6937.5
0.671334 6984.38
0.666903 7031.25
0.662416 7078.12
0.658013 7125
0.653679 7171.88
0.64941 7218.75
0.645205 7265.62
0.641062 7312.5
0.636981 7359.38
0.632958 7406.25
0.628994 7453.12
0.625086 7500
0.621234 7546.88
0.617437 7593.75
0.613693 7640.62
0.610002 7687.5
0.606362 7734.38
0.602772 7781.25
0.599232 7828.12
0.59574 7875
0.592296 7921.88
0.588901 7968.75
0.585527 8015.62
0.582229 8062.5
0.578966 8109.38
0.575744 8156.25
0.572565 8203.12
0.569427 8250
0.56633 8296.88
0.563272 8343.75
0.560253 8390.62
0.557273 8437.5
0.554331 8484.38
0.551425 8531.25
0.548556 8578.12
0.545723 8625
0.542924 8671.88
0.540161 8718.75
0.537431 8765.62
0.534734 8812.5
0.53207 8859.38
0.529439 8906.25
0.526839 8953.12
0.524433 9000
0.521731 9046.88
0.519223 9093.75
0.516744 9140.62
0.514295 9187.5
0.511874 9234.38
0.509481 9281.25
0.507116 9328.12
0.504778 9375
0.502467 9421.88
0.500182 9468.75
0.497923 9515.62
0.49569 9562.5
0.493482 9609.38
0.491299 9656.25
0.48914 9703.12
0.487005 9750
0.484894 9796.88
0.482806 9843.75
0.480742 9890.62
0.4787 9937.5
0.476686 9984.38
0.474676 10031.2
0.472702 10078.1
0.470747 10125
0.468813 10171.9
0.466899 10218.8
0.465006 10265.6
0.463133 10312.5
0.46128 10359.4
0.459446 10406.2
0.457632 10453.1
0.455836 10500
0.454059 10546.9
0.452301 10593.8
0.45056 10640.6
0.448838 10687.5
0.447133 10734.4
0.445446 10781.2
0.443776 10828.1
0.442122 10875
0.440485 10921.9
0.438861 10968.8
0.43728 11015.6
0.435682 11062.5
0.434109 11109.4
0.432553 11156.2
0.431012 11203.1
0.429487 11250
0.427977 11296.9
0.426482 11343.8
0.425002 11390.6
0.423536 11437.5
0.422085 11484.4
0.420648 11531.2
0.419225 11578.1
0.417816 11625
0.41642 11671.9
0.415038 11718.8
0.413669 11765.6
0.412313 11812.5
0.41097 11859.4
0.40964 11906.2
0.408323 11953.1
0.407033 12000
0.405726 12046.9
0.404446 12093.8
0.403178 12140.6
0.401922 12187.5
0.400678 12234.4
0.399445 12281.2
0.398224 12328.1
0.397014 12375
0.395816 12421.9
0.394629 12468.8
0.393453 12515.6
0.392288 12562.5
0.391134 12609.4
0.38999 12656.2
0.388857 12703.1
0.387735 12750
0.386623 12796.9
0.385523 12843.8
0.384434 12890.6
0.383359 12937.5
0.382346 12984.4
0.381166 13031.2
0.380136 13078.1
0.379098 13125
0.378067 13171.9
0.377043 13218.8
0.376029 13265.6
0.375023 13312.5
0.374026 13359.4
0.373038 13406.2
0.372059 13453.1
0.371089 13500
0.370127 13546.9
0.369174 13593.8
0.368229 13640.6
0.367293 13687.5
0.366365 13734.4
0.365445 13781.2
0.364534 13828.1
0.36363 13875
0.362735 13921.9
0.361848 13968.8
0.360968 14015.6
0.360096 14062.5
0.359232 14109.4
0.358376 14156.2
0.357527 14203.1
0.356686 14250
0.355852 14296.9
0.355026 14343.8
0.354206 14390.6
0.353395 14437.5
0.35259 14484.4
0.351792 14531.2
0.351001 14578.1
0.350218 14625
0.349441 14671.9
0.348671 14718.8
0.347908 14765.6
0.347152 14812.5
0.346402 14859.4
0.345659 14906.2
0.344922 14953.1
0.344152 15000
0.343468 15046.9
0.342751 15093.8
0.34204 15140.6
0.341335 15187.5
0.340637 15234.4
0.339945 15281.2
0.339259 15328.1
0.338578 15375
0.337904 15421.9
0.337236 15468.8
0.336574 15515.6
0.335918 15562.5
0.335267 15609.4
0.334623 15656.2
0.333983 15703.1
0.33335 15750
0.332722 15796.9
0.3321 15843.8
0.331484 15890.6
0.330872 15937.5
0.330265 15984.4
0.329668 16031.2
0.329073 16078.1
0.328483 16125
0.327899 16171.9
0.32732 16218.8
0.326746 16265.6
0.326178 16312.5
0.325615 16359.4
0.325056 16406.2
0.324503 16453.1
0.323955 16500
0.323412 16546.9
0.322874 16593.8
0.322341 16640.6
0.321813 16687.5
0.32129 16734.4
0.320772 16781.2
0.320259 16828.1
0.319752 16875
0.319253 16921.9
0.318775 16968.8
0.318177 17015.6
0.317736 17062.5
0.317257 17109.4
0.316778 17156.2
0.316303 17203.1
0.315832 17250
0.315364 17296.9
0.314901 17343.8
0.314442 17390.6
0.313988 17437.5
0.313537 17484.4
0.313091 17531.2
0.31265 17578.1
0.312212 17625
0.311779 17671.9
0.31135 17718.8
0.310925 17765.6
0.310504 17812.5
0.310087 17859.4
0.309675 17906.2
0.309266 17953.1
0.308883 18000
0.308462 18046.9
0.308065 18093.8
0.307673 18140.6
0.307285 18187.5
0.3069 18234.4
0.306519 18281.2
0.306143 18328.1
0.30577 18375
0.305401 18421.9
0.305036 18468.8
0.304675 18515.6
0.304317 18562.5
0.303963 18609.4
0.303613 18656.2
0.303266 18703.1
0.302924 18750
0.302584 18796.9
0.302248 18843.8
0.301915 18890.6
0.301582 18937.5
0.301229 18984.4
0.300971 19031.2
0.30064 19078.1
0.300323 19125
0.300012 19171.9
0.299705 19218.8
0.299401 19265.6
0.299101 19312.5
0.298805 19359.4
0.298513 19406.2
0.298223 19453.1
0.297938 19500
0.297656 19546.9
0.297377 19593.8
0.297101 19640.6
0.296829 19687.5
0.296561 19734.4
0.296296 19781.2
0.296034 19828.1
0.295776 19875
0.295522 19921.9
0.295274 19968.8
0.295002 20015.6
0.294768 20062.5
0.294528 20109.4
0.294289 20156.2
0.294053 20203.1
0.293821 20250
0.293592 20296.9
0.293366 20343.8
0.293143 20390.6
0.292923 20437.5
0.292706 20484.4
0.292492 20531.2
0.292282 20578.1
0.292075 20625
0.29187 20671.9
0.291669 20718.8
0.291471 20765.6
0.291276 20812.5
0.291084 20859.4
0.290895 20906.2
0.290709 20953.1
0.290513 21000
0.290347 21046.9
0.29017 21093.8
0.289996 21140.6
0.289825 21187.5
0.289658 21234.4
0.289493 21281.2
0.289331 21328.1
0.289172 21375
0.289016 21421.9
0.288863 21468.8
0.288713 21515.6
0.288566 21562.5
0.288422 21609.4
0.288281 21656.2
0.288143 21703.1
0.288007 21750
0.287875 21796.9
0.287746 21843.8
0.28762 21890.6
0.287498 21937.5
0.287393 21984.4
0.287243 22031.2
0.287134 22078.1
0.287023 22125
0.286915 22171.9
0.286808 22218.8
0.286704 22265.6
0.286604 22312.5
0.286505 22359.4
0.28641 22406.2
0.286318 22453.1
0.286228 22500
0.286141 22546.9
0.286057 22593.8
0.285975 22640.6
0.285897 22687.5
0.285821 22734.4
0.285748 22781.2
0.285678 22828.1
0.28561 22875
0.285546 22921.9
0.285485 22968.8
0.285424 23015.6
0.285368 23062.5
0.285315 23109.4
0.285264 23156.2
0.285216 23203.1
0.28517 23250
0.285128 23296.9
0.285088 23343.8
0.285051 23390.6
0.285017 23437.5
0.284985 23484.4
0.284956 23531.2
0.28493 23578.1
0.284907 23625
0.284887 23671.9
0.284869 23718.8
0.284854 23765.6
0.284841 23812.5
0.284832 23859.4
0.284825 23906.2
0.284821 23953.1
0.284933 24000
0.284821 24046.9
0.284825 24093.8
0.284832 24140.6
0.284841 24187.5
0.284854 24234.4
0.284869 24281.2
0.284887 24328.1
0.284907 24375
0.28493 24421.9
0.284956 24468.8
0.284985 24515.6
0.285017 24562.5
0.285051 24609.4
0.285088 24656.2
0.285128 24703.1
0.28517 24750
0.285216 24796.9
0.285264 24843.8
0.285315 24890.6
0.285368 24937.5
0.285424 24984.4
0.285485 25031.2
0.285546 25078.1
0.28561 25125
0.285678 25171.9
0.285748 25218.8
0.285821 25265.6
0.285897 25312.5
0.285975 25359.4
0.286057 25406.2
0.286141 25453.1
0.286228 25500
0.286318 25546.9
0.28641 25593.8
0.286505 25640.6
0.286604 25687.5
0.286704 25734.4
0.286808 25781.2
0.286915 25828.1
0.287023 25875
0.287134 25921.9
0.287243 25968.8
0.287393 26015.6
0.287498 26062.5
0.28762 26109.4
0.287746 26156.2
0.287875 26203.1
0.288007 26250
0.288143 26296.9
0.288281 26343.8
0.288422 26390.6
0.288566 26437.5
0.288713 26484.4
0.288863 26531.2
0.289016 26578.1
0.289172 26625
0.289331 26671.9
0.289493 26718.8
0.289658 26765.6
0.289825 26812.5
0.289996 26859.4
0.29017 26906.2
0.290347 26953.1
0.290513 27000
0.290709 27046.9
0.290895 27093.8
0.291084 27140.6
0.291276 27187.5
0.291471 27234.4
0.291669 27281.2
0.29187 27328.1
0.292075 27375
0.292282 27421.9
0.292492 27468.8
0.292706 27515.6
0.292923 27562.5
0.293143 27609.4
0.293366 27656.2
0.293592 27703.1
0.293821 27750
0.294053 27796.9
0.294289 27843.8
0.294528 27890.6
0.294768 27937.5
0.295002 27984.4
0.295274 28031.2
0.295522 28078.1
0.295776 28125
0.296034 28171.9
0.296296 28218.8
0.296561 28265.6
0.296829 28312.5
0.297101 28359.4
0.297377 28406.2
0.297656 28453.1
0.297938 28500
0.298223 28546.9
0.298513 28593.8
0.298805 28640.6
0.299101 28687.5
0.299401 28734.4
0.299705 28781.2
0.300012 28828.1
0.300323 28875
0.30064 28921.9
0.300971 28968.8
0.301229 29015.6
0.301582 29062.5
0.301915 29109.4
0.302248 29156.2
0.302584 29203.1
0.302924 29250
0.303266 29296.9
0.303613 29343.8
0.303963 29390.6
0.304317 29437.5
0.304675 29484.4
0.305036 29531.2
0.305401 29578.1
0.30577 29625
0.306143 29671.9
0.306519 29718.8
0.3069 29765.6
0.307285 29812.5
0.307673 29859.4
0.308065 29906.2
0.308462 29953.1
0.308883 30000
0.309266 30046.9
0.309675 30093.8
0.310087 30140.6
0.310504 30187.5
0.310925 30234.4
0.31135 30281.2
0.311779 30328.1
0.312212 30375
0.31265 30421.9
0.313091 30468.8
0.313537 30515.6
0.313988 30562.5
0.314442 30609.4
0.314901 30656.2
0.315364 30703.1
0.315832 30750
0.316303 30796.9
0.316778 30843.8
0.317257 30890.6
0.317736 30937.5
0.318177 30984.4
0.318775 31031.2
0.319253 31078.1
0.319752 31125
0.320259 31171.9
0.320772 31218.8
0.32129 31265.6
0.321813 31312.5
0.322341 31359.4
0.322874 31406.2
0.323412 31453.1
0.323955 31500
0.324503 31546.9
0.325056 31593.8
0.325615 31640.6
0.326178 31687.5
0.326746 31734.4
0.32732 31781.2
0.327899 31828.1
0.328483 31875
0.329073 31921.9
0.329668 31968.8
0.330265 32015.6
0.330872 32062.5
0.331484 32109.4
0.3321 32156.2
0.332722 32203.1
0.33335 32250
0.333983 32296.9
0.334623 32343.8
0.335267 32390.6
0.335918 32437.5
0.336574 32484.4
0.337236 32531.2
0.337904 32578.1
0.338578 32625
0.339259 32671.9
0.339945 32718.8
0.340637 32765.6
0.341335 32812.5
0.34204 32859.4
0.342751 32906.2
0.343468 32953.1
0.344152 33000
0.344922 33046.9
0.345659 33093.8
0.346402 33140.6
0.347152 33187.5
0.347908 33234.4
0.348671 33281.2
0.349441 33328.1
0.350218 33375
0.351001 33421.9
0.351792 33468.8
0.35259 33515.6
0.353395 33562.5
0.354206 33609.4
0.355026 33656.2
0.355852 33703.1
0.356686 33750
0.357527 33796.9
0.358376 33843.8
0.359232 33890.6
0.360096 33937.5
0.360968 33984.4
0.361848 34031.2
0.362735 34078.1
0.36363 34125
0.364534 34171.9
0.365445 34218.8
0.366365 34265.6
0.367293 34312.5
0.368229 34359.4
0.369174 34406.2
0.370127 34453.1
0.371089 34500
0.372059 34546.9
0.373038 34593.8
0.374026 34640.6
0.375023 34687.5
0.376029 34734.4
0.377043 34781.2
0.378067 34828.1
0.379098 34875
0.380136 34921.9
0.381166 34968.8
0.382346 35015.6
0.383359 35062.5
0.384434 35109.4
0.385523 35156.2
0.386623 35203.1
0.387735 35250
0.388857 35296.9
0.38999 35343.8
0.391134 35390.6
0.392288 35437.5
0.393453 35484.4
0.394629 35531.2
0.395816 35578.1
0.397014 35625
0.398224 35671.9
0.399445 35718.8
0.400678 35765.6
0.401922 35812.5
0.403178 35859.4
0.404446 35906.2
0.405726 35953.1
0.407033 36000
0.408323 36046.9
0.40964 36093.8
0.41097 36140.6
0.412313 36187.5
0.413669 36234.4
0.415038 36281.2
0.41642 36328.1
0.417816 36375
0.419225 36421.9
0.420648 36468.8
0.422085 36515.6
0.423536 36562.5
0.425002 36609.4
0.426482 36656.2
0.427977 36703.1
0.429487 36750
0.431012 36796.9
0.432553 36843.8
0.434109 36890.6
0.435682 36937.5
0.43728 36984.4
0.438861 37031.2
0.440485 37078.1
0.442122 37125
0.443776 37171.9
0.445446 37218.8
0.447133 37265.6
0.448838 37312.5
0.45056 37359.4
0.452301 37406.2
0.454059 37453.1
0.455836 37500
0.457632 37546.9
0.459446 37593.8
0.46128 37640.6
0.463133 37687.5
0.465006 37734.4
0.466899 37781.2
0.468813 37828.1
0.470747 37875
0.472702 37921.9
0.474676 37968.8
0.476686 38015.6
0.4787 38062.5
0.480742 38109.4
0.482806 38156.2
0.484894 38203.1
0.487005 38250
0.48914 38296.9
0.491299 38343.8
0.493482 38390.6
0.49569 38437.5
0.497923 38484.4
0.500182 38531.2
0.502467 38578.1
0.504778 38625
0.507116 38671.9
0.509481 38718.8
0.511874 38765.6
0.514295 38812.5
0.516744 38859.4
0.519223 38906.2
0.521731 38953.1
0.524433 39000
0.526839 39046.9
0.529439 39093.8
0.53207 39140.6
0.534734 39187.5
0.537431 39234.4
0.540161 39281.2
0.542924 39328.1
0.545723 39375
0.548556 39421.9
0.551425 39468.8
0.554331 39515.6
0.557273 39562.5
0.560253 39609.4
0.563272 39656.2
0.56633 39703.1
0.569427 39750
0.572565 39796.9
0.575744 39843.8
0.578966 39890.6
0.582229 39937.5
0.585527 39984.4
0.588901 40031.2
0.592296 40078.1
0.59574 40125
0.599232 40171.9
0.602772 40218.8
0.606362 40265.6
0.610002 40312.5
0.613693 40359.4
0.617437 40406.2
0.621234 40453.1
0.625086 40500
0.628994 40546.9
0.632958 40593.8
0.636981 40640.6
0.641062 40687.5
0.645205 40734.4
0.64941 40781.2
0.653679 40828.1
0.658013 40875
0.662416 40921.9
0.666903 40968.8
0.671334 41015.6
0.675991 41062.5
0.680677 41109.4
0.685432 41156.2
0.690261 41203.1
0.695167 41250
0.700153 41296.9
0.70522 41343.8
0.71037 41390.6
0.715605 41437.5
0.720928 41484.4
0.72634 41531.2
0.731844 41578.1
0.737442 41625
0.743138 41671.9
0.748932 41718.8
0.754828 41765.6
0.760828 41812.5
0.766936 41859.4
0.773153 41906.2
0.779484 41953.1
0.785979 42000
0.792498 42046.9
0.799187 42093.8
0.806002 42140.6
0.812947 42187.5
0.820025 42234.4
0.827241 42281.2
0.834598 42328.1
0.842101 42375
0.849753 42421.9
0.85756 42468.8
0.865527 42515.6
0.873657 42562.5
0.881957 42609.4
0.890432 42656.2
0.899086 42703.1
0.907928 42750
0.916961 42796.9
0.926194 42843.8
0.935635 42890.6
0.945294 42937.5
0.955241 42984.4
0.965175 43031.2
0.975535 43078.1
0.986115 43125
0.996942 43171.9
1.00803 43218.8
1.01939 43265.6
1.03102 43312.5
1.04295 43359.4
1.05518 43406.2
1.06773 43453.1
1.0806 43500
1.09382 43546.9
1.10738 43593.8
1.12132 43640.6
1.13564 43687.5
1.15036 43734.4
1.16549 43781.2
1.18107 43828.1
1.19709 43875
1.2136 43921.9
1.23061 43968.8
1.24809 44015.6
1.26617 44062.5
1.28481 44109.4
1.30405 44156.2
1.32391 44203.1
1.34444 44250
1.36566 44296.9
1.38761 44343.8
1.41033 44390.6
1.43387 44437.5
1.45826 44484.4
1.48355 44531.2
1.50981 44578.1
1.53708 44625
1.56542 44671.9
1.59491 44718.8
1.6256 44765.6
1.65759 44812.5
1.69096 44859.4
1.72578 44906.2
1.76218 44953.1
1.80021 45000
1.84012 45046.9
1.88192 45093.8
1.9258 45140.6
1.97191 45187.5
2.02043 45234.4
2.07157 45281.2
2.12554 45328.1
2.18258 45375
2.24298 45421.9
2.30703 45468.8
2.37509 45515.6
2.44755 45562.5
2.52486 45609.4
2.60751 45656.2
2.6961 45703.1
2.7913 45750
2.89387 45796.9
3.00472 45843.8
3.1249 45890.6
3.25565 45937.5
3.39846 45984.4
3.555 46031.2
3.72749 46078.1
3.91845 46125
4.13102 46171.9
4.36911 46218.8
4.63762 46265.6
4.9428 46312.5
5.29271 46359.4
5.69799 46406.2
6.17291 46453.1
6.73709 46500
7.4183 46546.9
8.25713 46593.8
9.31534 46640.6
10.6918 46687.5
12.5551 46734.4
15.2185 46781.2
19.3369 46828.1
26.548 46875
42.4191 46921.9
105.924 46968.8
211.646 47015.6
52.8748 47062.5
30.2022 47109.4
21.1406 47156.2
16.2678 47203.1
13.2286 47250
11.1553 47296.9
9.65358 47343.8
8.51867 47390.6
7.63363 47437.5
6.92699 47484.4
6.35271 47531.2
5.8799 47578.1
5.48721 47625
5.15959 47671.9
4.88628 47718.8
4.65969 47765.6
4.4746 47812.5
4.32782 47859.4
4.21814 47906.2
4.14711 47953.1
